359 -55
360 -54
361 -53
360 -49
365 -51
362 -46
367 -48
369 -47
370 -46
372 -45
373 -43
372 -40
373 -38
373 -36
375 -36
375 -34
376 -32
377 -31
378 -29
379 -28
379 -25
380 -24
381 -22
382 -21
385 -21
386 -19
387 -18
388 -16
394 -18
393 -15
394 -13
398 -13
396 -10
396 -8
397 -6
399 -5
399 -3
400 -2
403 -1
404 0
404 1
408 2
409 4
409 5
410 7
411 9
410 11
413 12
414 14
415 16
416 17
416 19
417 21
418 23
420 24
420 26
421 28
421 30
422 32
422 33
423 35
429 36
430 38
434 39
434 41
434 43
436 45
436 47
437 49
438 51
439 53
439 55
438 57
442 59
442 61
441 63
441 65
441 67
441 69
445 71
445 73
442 75
442 77
442 79
442 82
443 84
449 86
449 88
447 90
447 92
450 94
451 97
453 99
452 101
452 103
454 106
458 108
453 110
453 112
457 115
454 117
454 119
459 122
462 125
465 128
464 130
464 133
463 135
463 137
465 140
464 142
466 145
465 148
465 150
468 153
472 157
471 159
470 162
471 165
470 167
470 169
471 173
472 176
470 178
469 180
470 183
470 186
471 189
470 192
472 195
472 198
472 201
473 204
473 208
478 213
481 218
481 221
480 223
478 226
477 228
477 232
477 235
478 239
480 244
480 247
479 250
481 255
481 259
480 262
482 266
482 270
485 276
486 281
487 286
491 293
492 298
490 301
490 305
489 309
487 311
488 317
491 324
491 329
491 333
489 337
488 341
487 344
494 356
492 360
494 368
493 372
490 374
497 387
500 397
498 401
495 404
497 412
499 421
497 425
499 436
498 442
499 449
496 453
498 464
495 467
494 474
501 492
498 496
504 514
502 520
502 530
502 540
499 544
499 555
501 568
498 574
499 587
500 600
498 609
499 623
502 643
502 657
497 661
496 674
496 688
500 714
496 721
493 732
497 760
497 778
496 796
493 810
494 834
497 866
496 889
489 892
481 894
333 437
329 436
323 428
320 429
317 430
313 430
309 428
306 429
303 432
300 433
297 438
295 445
294 457
292 471
291 486
288 492
284 492
280 493
276 489
269 465
264 454
260 450
256 445
252 442
249 443
245 438
242 436
238 438
235 443
232 443
228 447
225 466
208 1848
191 1855
174 1865
157 1854
140 1859
123 1858
106 1859
89 1857
72 1856
56 1854
39 1853
22 1851
5 1849
-11 1847
-28 1848
-45 1846
-62 1843
-78 1839
-95 1836
-112 1833
-129 1833
-147 1834
-164 1834
-181 1831
-198 1829
-215 1826
-232 1821
-248 1817
-265 1813
-281 1808
-299 1808
-316 1803
-332 1797
-349 1795
-366 1789
-382 1783
-264 1413
-269 1387
-281 1382
-294 1378
-306 1373
-319 1368
-332 1366
-344 1360
-357 1355
-369 1349
-381 1344
-589 1738
-609 1738
-626 1732
-642 1724
-657 1716
-675 1711
-691 1703
-706 1695
-728 1696
-745 1691
-763 1686
-779 1677
-797 1672
-816 1668
-834 1663
-850 1653
-866 1645
-884 1638
-905 1637
-924 1632
-941 1623
-959 1616
-978 1610
-993 1600
-1008 1589
-1026 1581
-1047 1578
-1063 1567
-1080 1559
-1100 1553
-1116 1542
-1138 1538
-1152 1525
-1172 1519
-1187 1507
-1206 1498
-1228 1493
-1245 1483
-1260 1470
-1281 1463
-1295 1449
-1318 1444
-1340 1437
-1355 1424
-1378 1417
-1397 1407
-1420 1400
-1433 1385
-1447 1370
-1467 1360
-1486 1349
-1509 1341
-1540 1338
-1554 1322
-1572 1309
-1595 1300
-1615 1288
-1632 1274
-1653 1262
-1676 1252
-1688 1234
-1717 1227
-1728 1208
-1739 1189
