-1280 1220
-1296 1213
-1315 1207
-1319 1188
-1334 1179
-1345 1166
-1358 1154
-1369 1141
-1380 1128
-1390 1115
-1401 1102
-1411 1088
-1422 1075
-1432 1061
-1445 1050
-1455 1036
-1465 1022
-1474 1008
-1483 994
-1493 979
-1505 967
-1518 955
-1529 942
-1539 928
-1550 914
-1559 900
-1568 885
-1576 870
-1585 856
-1592 840
-1605 827
-1613 812
-1620 796
-1630 782
-1638 767
-391 759
-398 755
-405 751
-1645 751
-374 743
-353 718
-336 701
-324 693
-311 682
-298 669
-281 647
-271 642
-263 639
-247 618
-237 609
-221 601
-227 600
-211 591
-1298 577
-199 575
-1757 571
-189 565
-182 560
-1282 556
-1771 556
-173 550
-1287 544
-164 540
-1778 540
-158 538
-1292 531
-149 528
-1783 523
-136 520
-142 520
-1298 519
-129 512
-1303 507
-122 506
-1788 506
-117 503
-1311 496
-1797 490
-103 486
-108 486
-1315 483
-1802 473
-1320 471
-94 468
-84 464
-89 464
-1324 458
-1808 456
-78 455
-74 453
-68 448
-64 445
-1329 445
-1824 442
-58 436
-54 434
-49 427
-1832 426
-40 420
-44 419
-35 418
-31 409
-1840 409
-22 396
-26 396
-18 394
-1845 392
-14 387
-11 385
-1855 375
-7 372
-3 370
0 368
3 367
6 364
10 360
-1865 359
13 354
19 349
16 349
23 347
29 344
26 344
-1873 342
32 339
34 332
-251 332
-245 330
-254 330
37 327
-180 327
-257 327
-1878 325
40 323
-182 323
-258 322
-233 321
42 317
45 314
-181 313
-222 312
-183 311
47 310
-186 309
50 308
-189 308
-1884 307
53 306
-212 305
-191 303
-194 302
-206 302
55 301
-198 301
-245 300
57 299
-200 299
60 297
62 292
-1890 290
-241 289
64 288
66 287
71 284
69 284
74 283
-240 283
77 282
79 279
-240 277
80 275
-1905 273
-240 272
-243 270
-277 269
81 267
83 265
-242 264
85 262
-253 261
-243 260
87 259
-247 259
-256 258
-261 258
89 257
-1914 256
90 254
93 253
94 250
96 247
103 245
98 245
100 244
105 242
106 238
-1920 238
108 237
110 236
112 233
114 232
116 231
116 225
117 221
-1927 221
118 219
120 218
121 215
123 214
124 211
126 209
128 208
130 207
132 206
-1936 203
132 202
132 197
131 192
136 191
133 191
141 187
135 186
137 185
-1939 185
141 182
141 180
143 178
144 177
145 174
146 172
146 168
150 167
147 167
-1941 166
152 165
149 159
150 157
151 156
158 154
153 154
154 153
159 152
158 148
-1949 148
159 146
161 145
162 143
164 142
166 141
165 137
167 136
168 135
169 132
170 131
-1961 130
170 129
171 127
172 125
173 123
174 121
173 118
173 116
-1964 112
169 111
170 109
171 108
172 106
173 104
174 103
175 101
175 99
175 97
176 95
177 93
-1970 93
178 92
179 90
179 88
178 85
180 84
181 82
181 80
182 79
183 77
-1980 75
181 74
181 72
182 71
181 68
182 66
182 65
182 63
182 61
187 59
184 59
185 56
-1983 56
186 54
188 53
183 50
183 48
184 46
184 44
182 42
182 40
182 38
-1996 38
183 37
185 35
185 34
186 32
186 30
186 28
188 27
187 25
188 23
188 21
191 20
192 18
-1996 18
192 16
192 14
191 12
186 10
191 9
186 7
190 5
190 3
190 1
-2005 0
-2007 -19
-2014 -38
-2026 -57
-2031 -77
-2032 -96
-2041 -116
-2041 -136
-2054 -156
-2064 -177
-2065 -197
-2076 -218
-2082 -238
-2093 -260
-2092 -280
-2090 -300
-2097 -321
-2103 -343
-2113 -365
-2132 -390
-2130 -410
-2134 -432
-2144 -455
-2149 -478
-2150 -500
-2157 -523
-2165 -547
-2161 -568
-2176 -594
-2170 -614
-2164 -635
